function [crp, crr] = Hill3Body(m1,m2,m3)
M2 = m1 + m2;
B1 = 1.48035831;
B2 = 1.7282208;
B3 = 0.84283395;
B4 = 0.54368114;
crp = (B1*(M2/(81*m3))^(1/3))*(1-B2*(M2/(81*m3))^(1/3));
crr = (B3*(M2/(81*m3))^(1/3))*(1-B4*(M2/(81*m3))^(1/3));
end